10299
10399
10499
10599
10699
10799
10899
11099
11199
11299
11399
11499
11599
11699
11799
11899
12099
12199
12299
12399
12499
12599
12699
12799
12899
13099
13199
13299
13399
13499
13599
13699
13799
13899
14099
14199
14299
14399
14499
14599
14699
14799
14899
15061
15099
15199
15299
15399
15499
15699
15799
15899
16099
16199
16299
16399
16499
16599
16699
16799
16899
17099
17199
17299
17399
17499
17599
17699
17799
17899
18099
18199
18299
18399
18499
18599
18699
18799
18899
19099
19199
19299
19399
19499
19599
19699
19799
19899
20099
20199
20299
20399
20499
20599
20699
20799
20899
21099
21199
21299
21399
21499
21599
21699
21799
21899
22099
22199
22299
22399
22499
22599
22699
22799
22899
23199
23299
23399
23499
23599
23699
23799
23899
24099
24199
24299
24399
24499
24599
24699
24799
24899
25099
25199
25299
25399
25499
25599
25699
25799
25899
26099
26199
26299
26399
26499
26599
26699
26799
26899
26967
27099
27299
27399
27499
27599
27699
27799
27899
28099
28199
28399
28407
28499
28599
28699
28799
28899
29099
29199
29299
29399
29499
29599
29699
29799
29899
30099
30199
30299
30399
30499
30599
30699
30717
30799
30899
31099
31199
31299
31399
31499
31599
31699
31799
31899
32199
32299
32399
32499
32599
32699
32717
32799
32899
33007
33099
33199
33299
33399
33499
33599
33799
33899
34099
34199
34399
34499
34599
34699
34717
34899
35099
35199
35299
35399
35499
35599
35699
35717
35799
35899
36099
36199
36299
36399
36499
36599
36699
36799
36899
37099
37116
37199
37225
37299
37399
37499
37599
37699
38099
38199
38299
38399
38499
38517
38527
38599
38699
38799
38899
39099
39199
39299
39399
39499
39599
39699
39799
39899
40099
40199
40399
40499
40599
40699
40799
40899
41099
41199
41299
41399
41499
41599
41699
41799
41899
42099
42199
42299
42399
42499
42599
42699
42717
43099
43199
43227
43299
43317
43327
43399
43407
43499
44299
44399
44499
44599
44699
44799
44899
45799
46099
46699
54299
54499
54599
54699
54851
54852
57299
57399
57499
58799
58899
59099
63299
63399
63499
63599
64886
64899
64986
65299
65399
65499
65699
65886
65899
65986
66199
66299
66399
66499
66599
66699
66799
66886
66899
66937
66986
67099
67199
67399
67499
67599
67699
67799
67899
67937
68099
68299
68399
68937
70299
70399
70499
70547
70599
71477
71599
71627
71757
73599
73699
74299
74399
75299
77567
78099
78599
78699
79199
79299
81199
81299
81399
81490
81499
81599
81690
81699
81702
81799
81811
81815
81899
81911
82038
82399
82599
83499
84699
85799
86499
87099
87299
87599
88699
89799
97515
118365
118370
118395
118547
118560
119547
119560
128105
128547
129105
170192
170193
170194
170195
170196
170197
170198
170199
170200
170201
170202
170203
170204
170205
170206
170207
